3.011984233333333395e+06
2.998885566666666884e+06
2.994898799999999814e+06
2.950215399999999907e+06
2.980979333333333489e+06
2.903080466666666791e+06
3.012434833333333489e+06
2.973121200000000186e+06
2.952236299999999814e+06
2.958113266666666605e+06
3.011566766666666605e+06
2.898926666666666511e+06
2.865867866666666698e+06
2.979420433333333116e+06
2.886804466666666791e+06
2.852466666666666511e+06
2.915007266666666605e+06
2.870111533333333209e+06
3.060452600000000093e+06
2.945878766666666605e+06
2.954916433333333116e+06
3.003738899999999907e+06
2.963379299999999814e+06
2.958674833333333489e+06
3.001662600000000093e+06
2.960484966666666791e+06
3.009688533333333209e+06
2.921449500000000000e+06
3.037394366666666698e+06
2.868691133333333302e+06
3.067591399999999907e+06
2.882484033333333209e+06
3.039844833333333489e+06
3.030522266666666605e+06
2.993071066666666884e+06
2.935652399999999907e+06
2.849015799999999814e+06
2.981132733333333395e+06
2.970926466666666791e+06
3.055013100000000093e+06
2.954851266666666605e+06
2.983087399999999907e+06
3.011798899999999907e+06
3.027498233333333395e+06
3.042824466666666791e+06
2.945956899999999907e+06
2.982313299999999814e+06
2.966641433333333116e+06
2.999158066666666884e+06
3.042122166666666511e+06
2.950239633333333302e+06
2.997546966666666791e+06
2.898249866666666698e+06
2.983337533333333209e+06
2.942662333333333489e+06
2.932765899999999907e+06
2.873177700000000186e+06
2.984227666666666511e+06
2.992683566666666884e+06
3.040242433333333116e+06
2.955328133333333302e+06
2.917525700000000186e+06
3.010732433333333116e+06
3.096719899999999907e+06
2.942014700000000186e+06
2.909453600000000093e+06
2.945986966666666791e+06
3.020028899999999907e+06
3.052280000000000000e+06
3.015346100000000093e+06
2.922510933333333116e+06
2.999248899999999907e+06
3.087531733333333395e+06
2.966865700000000186e+06
3.135028866666666698e+06
2.931140233333333395e+06
3.057163666666666511e+06
2.952924799999999814e+06
2.951108500000000000e+06
3.015591833333333489e+06
3.000203066666666884e+06
3.075344233333333395e+06
3.026638966666666791e+06
2.953723500000000000e+06
2.951165233333333395e+06
3.025062399999999907e+06
2.999325033333333209e+06
2.926526733333333395e+06
2.989379766666666605e+06
2.985263266666666605e+06
3.081936066666666884e+06
3.051035766666666605e+06
3.077801133333333302e+06
2.947124433333333116e+06
2.933023166666666511e+06
2.950238500000000000e+06
3.058401633333333302e+06
2.984561700000000186e+06
2.961604700000000186e+06
2.982183500000000000e+06
